1 1
4 2
9 3
16 4
25 5
36 6
49 7
64 8
81 9
100 10
121 11
144 12
169 13
196 14
225 15
256 16
289 17
324 18
361 19
400 20
441 21
484 22
529 23
576 24
625 25
676 26
729 27
784 28
841 29
900 30
961 31
1024 32
1089 33
1156 34
1225 35
1296 36
1369 37
1444 38
39 115
118 116
199 117
282 118
367 119
454 120
543 121
634 122
727 123
822 124
919 125
1018 126
1119 127
1222 128
1327 129
1434 130
55 239
166 240
279 241
394 242
511 243
630 244
751 245
874 246
999 247
1126 248
1255 249
1386 250
67 383
202 384
339 385
478 386
619 387
762 388
907 389
1054 390
1203 391
1354 392
77 545
232 546
389 547
548 548
709 549
872 550
1037 551
1204 552
1373 553
86 724
259 725
434 726
611 727
790 728
971 729
1154 730
1339 731
94 918
283 919
474 920
667 921
862 922
1059 923
1258 924
